211.0933, 1437.4363, 10.8826
213.8933, 1437.4363, 10.8826
216.5873, 1437.4363, 10.8826

SetPlayerAttachedObject(playerid, 1, 1264, 6, 0.435998, -0.1850, -0.103999, -109.8, -71.50, 110.30); / Big Bag
SetPlayerAttachedObject(playerid, 1, 1265, 6, 0.194998, -0.013000, 0.106999, -103.40, -44.99974, 84.79957, 0.6, 0.6, 0.6); // Small Bag

Trash 1
440.2632, 1571.0500, 1000.6298

Trash 2
431.2000, 1604.6610, 1000.6298

Trash 3
442.7476, 1591.0435, 1000.6298

Trash 4
440.9911, 1643.5480, 1000.6298

Trash5
444.3441, 1646.5009, 1000.7

Trash6
207.7989, 1447.8103, 10.3810

Trash7
273.8112, 1449.6755, 10.3810